86.66% Accuracy Using Text Vectors Only


The following data was taken right before being put into dataframe,
if you set data = to the provided data structures, then follow the code below,
you will get bar graphs.


df = pd.DataFrame.from_records(np.array(data), columns=['k', 'Accuracy'])
df = df.explode("Accuracy")

ax = sns.barplot(x="k", y="Accuracy", data=df)
ax.yaxis.set_major_locator(plt.MaxNLocator(20))
ax.set(ylim=(0.0, 0.90))
xticks=ax.xaxis.get_major_ticks()
for i in range(len(xticks)):
    if i%5!=4:
        xticks[i].set_visible(False)



Image Only Class Vectors, k=1 to 10, 10 trials/k
[[1
  array([0.4552, 0.572 , 0.4665, 0.5281, 0.4494, 0.3711, 0.2989, 0.1969,
       0.4981, 0.4256])]
 [2
  array([0.4665, 0.4791, 0.5411, 0.3825, 0.535 , 0.6214, 0.4063, 0.4856,
       0.5636, 0.5651])]
 [3
  array([0.6146, 0.5877, 0.536 , 0.6456, 0.5747, 0.5215, 0.548 , 0.6755,
       0.5144, 0.571 ])]
 [4
  array([0.6239, 0.5974, 0.6085, 0.6904, 0.6408, 0.6012, 0.5775, 0.6661,
       0.6293, 0.6021])]
 [5
  array([0.628 , 0.6044, 0.7228, 0.6032, 0.5954, 0.639 , 0.647 , 0.6262,
       0.5676, 0.6364])]
 [6
  array([0.7291, 0.6318, 0.6078, 0.5884, 0.6702, 0.6734, 0.5873, 0.6554,
       0.6391, 0.7061])]
 [7
  array([0.6866, 0.6706, 0.573 , 0.6621, 0.7078, 0.5725, 0.7441, 0.6868,
       0.6291, 0.698 ])]
 [8
  array([0.6932, 0.6758, 0.6179, 0.6862, 0.6618, 0.6711, 0.6709, 0.6425,
       0.7047, 0.688 ])]
 [9
  array([0.6697, 0.6491, 0.5729, 0.6912, 0.6713, 0.6636, 0.5741, 0.6774,
       0.7215, 0.6837])]
 [10
  array([0.6092, 0.6494, 0.6401, 0.6935, 0.6519, 0.6564, 0.6104, 0.7124,
       0.6023, 0.6965])]]

Image Only Class Vectors, k=1 to 100, 4 trials/k
[[1 array([0.4017, 0.5127, 0.5717, 0.4468])]
 [2 array([0.6472, 0.5675, 0.4055, 0.4886])]
 [3 array([0.4982, 0.5466, 0.6111, 0.5489])]
 [4 array([0.5301, 0.4921, 0.6288, 0.5695])]
 [5 array([0.6486, 0.7313, 0.6308, 0.6198])]
 [6 array([0.6665, 0.6196, 0.6687, 0.604 ])]
 [7 array([0.6533, 0.7664, 0.6802, 0.6176])]
 [8 array([0.7121, 0.5942, 0.6837, 0.59  ])]
 [9 array([0.7171, 0.6522, 0.6061, 0.5924])]
 [10 array([0.5903, 0.6038, 0.6285, 0.6481])]
 [11 array([0.6569, 0.679 , 0.7308, 0.6736])]
 [12 array([0.6535, 0.7259, 0.6561, 0.6493])]
 [13 array([0.6524, 0.6385, 0.6817, 0.6744])]
 [14 array([0.7135, 0.6644, 0.6931, 0.6835])]
 [15 array([0.6839, 0.6337, 0.6882, 0.6596])]
 [16 array([0.7155, 0.6569, 0.6462, 0.7301])]
 [17 array([0.7155, 0.6507, 0.6532, 0.6888])]
 [18 array([0.6806, 0.7508, 0.6552, 0.6584])]
 [19 array([0.6285, 0.6791, 0.645 , 0.6612])]
 [20 array([0.6631, 0.7253, 0.7248, 0.6551])]
 [21 array([0.6957, 0.6691, 0.6499, 0.6634])]
 [22 array([0.6325, 0.6279, 0.6522, 0.7122])]
 [23 array([0.6782, 0.6382, 0.6459, 0.6681])]
 [24 array([0.6349, 0.6471, 0.7371, 0.6643])]
 [25 array([0.6576, 0.6626, 0.7004, 0.6524])]
 [26 array([0.6701, 0.6446, 0.7177, 0.6583])]
 [27 array([0.6668, 0.6761, 0.651 , 0.6925])]
 [28 array([0.6901, 0.7272, 0.7331, 0.7173])]
 [29 array([0.676 , 0.662 , 0.6618, 0.6624])]
 [30 array([0.6665, 0.6711, 0.651 , 0.639 ])]
 [31 array([0.7107, 0.6679, 0.6723, 0.6428])]
 [32 array([0.6667, 0.6659, 0.6966, 0.6542])]
 [33 array([0.6864, 0.6785, 0.6639, 0.6818])]
 [34 array([0.7055, 0.6898, 0.688 , 0.7443])]
 [35 array([0.6766, 0.6413, 0.6375, 0.6545])]
 [36 array([0.6871, 0.6993, 0.6791, 0.7158])]
 [37 array([0.6752, 0.6393, 0.7019, 0.7043])]
 [38 array([0.7455, 0.6487, 0.6665, 0.6734])]
 [39 array([0.6519, 0.6794, 0.6648, 0.664 ])]
 [40 array([0.6861, 0.7105, 0.6764, 0.64  ])]
 [41 array([0.6866, 0.6541, 0.7054, 0.6596])]
 [42 array([0.6613, 0.6757, 0.629 , 0.7608])]
 [43 array([0.6761, 0.6391, 0.7065, 0.722 ])]
 [44 array([0.6657, 0.6892, 0.6699, 0.6831])]
 [45 array([0.6595, 0.691 , 0.6873, 0.6782])]
 [46 array([0.6876, 0.6771, 0.6709, 0.6817])]
 [47 array([0.6725, 0.6694, 0.6726, 0.7015])]
 [48 array([0.7141, 0.6884, 0.6778, 0.668 ])]
 [49 array([0.6412, 0.6962, 0.6753, 0.6584])]
 [50 array([0.686 , 0.6659, 0.6701, 0.6681])]
 [51 array([0.6657, 0.6635, 0.6784, 0.679 ])]
 [52 array([0.6618, 0.6948, 0.6511, 0.6745])]
 [53 array([0.6823, 0.6688, 0.6802, 0.6863])]
 [54 array([0.6921, 0.6689, 0.6476, 0.6573])]
 [55 array([0.6776, 0.6681, 0.6695, 0.6647])]
 [56 array([0.6937, 0.6882, 0.6809, 0.6375])]
 [57 array([0.6649, 0.6749, 0.6516, 0.6614])]
 [58 array([0.6829, 0.6804, 0.6653, 0.6764])]
 [59 array([0.6613, 0.6415, 0.6504, 0.662 ])]
 [60 array([0.6819, 0.6585, 0.6913, 0.6594])]
 [61 array([0.649 , 0.6813, 0.6509, 0.6573])]
 [62 array([0.6679, 0.7669, 0.6765, 0.6999])]
 [63 array([0.6841, 0.6638, 0.6597, 0.6782])]
 [64 array([0.671 , 0.6902, 0.6453, 0.696 ])]
 [65 array([0.6561, 0.6794, 0.6687, 0.7049])]
 [66 array([0.6685, 0.6628, 0.6598, 0.691 ])]
 [67 array([0.6698, 0.6583, 0.6518, 0.6759])]
 [68 array([0.6813, 0.71  , 0.6573, 0.6886])]
 [69 array([0.6731, 0.6529, 0.6696, 0.642 ])]
 [70 array([0.7084, 0.6511, 0.6869, 0.6624])]
 [71 array([0.6804, 0.6931, 0.6508, 0.6575])]
 [72 array([0.6959, 0.6799, 0.6859, 0.6706])]
 [73 array([0.6698, 0.69  , 0.683 , 0.6694])]
 [74 array([0.7267, 0.6647, 0.6532, 0.6742])]
 [75 array([0.6508, 0.6703, 0.6802, 0.684 ])]
 [76 array([0.6511, 0.7124, 0.6567, 0.6641])]
 [77 array([0.7061, 0.6999, 0.6565, 0.6707])]
 [78 array([0.6729, 0.6801, 0.6717, 0.673 ])]
 [79 array([0.7075, 0.6527, 0.6681, 0.6907])]
 [80 array([0.682 , 0.7143, 0.6725, 0.6656])]
 [81 array([0.6744, 0.7295, 0.6692, 0.659 ])]
 [82 array([0.6807, 0.6589, 0.6609, 0.6575])]
 [83 array([0.6716, 0.6699, 0.691 , 0.7285])]
 [84 array([0.6859, 0.6714, 0.702 , 0.6602])]
 [85 array([0.6727, 0.6542, 0.6869, 0.6533])]
 [86 array([0.6711, 0.6844, 0.6499, 0.6548])]
 [87 array([0.7191, 0.7519, 0.6618, 0.7323])]
 [88 array([0.6727, 0.6756, 0.668 , 0.684 ])]
 [89 array([0.6839, 0.7135, 0.6888, 0.6784])]
 [90 array([0.6733, 0.6726, 0.676 , 0.6796])]
 [91 array([0.6626, 0.6606, 0.6787, 0.6571])]
 [92 array([0.6693, 0.6434, 0.6647, 0.6758])]
 [93 array([0.6774, 0.6714, 0.701 , 0.6753])]
 [94 array([0.674 , 0.6834, 0.6828, 0.6696])]
 [95 array([0.6854, 0.6762, 0.6745, 0.6584])]
 [96 array([0.6667, 0.6638, 0.6772, 0.6952])]
 [97 array([0.6676, 0.6596, 0.672 , 0.675 ])]
 [98 array([0.6764, 0.6615, 0.6726, 0.6956])]
 [99 array([0.683 , 0.6831, 0.685 , 0.6853])]
 [100 array([0.6704, 0.6752, 0.6695, 0.6778])]]

Bimodal Class Vectors, k=1 to 10, 10 trials/k
[[1
  array([0.7934, 0.7572, 0.7596, 0.7281, 0.7521, 0.7675, 0.7625, 0.7159,
       0.7969, 0.7889])]
 [2
  array([0.7688, 0.827 , 0.8287, 0.8514, 0.811 , 0.8565, 0.7989, 0.8443,
       0.8359, 0.806 ])]
 [3
  array([0.8584, 0.807 , 0.8362, 0.8265, 0.8062, 0.8384, 0.8485, 0.8312,
       0.8367, 0.8444])]
 [4
  array([0.8513, 0.8562, 0.8367, 0.8084, 0.8576, 0.8287, 0.8403, 0.8623,
       0.8618, 0.8458])]
 [5
  array([0.8609, 0.8242, 0.8522, 0.854 , 0.8629, 0.8463, 0.8731, 0.8484,
       0.851 , 0.8681])]
 [6
  array([0.8645, 0.8631, 0.8612, 0.8586, 0.8718, 0.865 , 0.8704, 0.8705,
       0.8527, 0.8509])]
 [7
  array([0.8636, 0.8665, 0.8699, 0.8634, 0.8757, 0.8683, 0.8698, 0.8685,
       0.8748, 0.8607])]
 [8
  array([0.8697, 0.8773, 0.8821, 0.8419, 0.8642, 0.8619, 0.8589, 0.8741,
       0.8799, 0.8554])]
 [9
  array([0.8788, 0.8769, 0.8666, 0.8602, 0.8676, 0.886 , 0.8597, 0.8788,
       0.864 , 0.8663])]
 [10
  array([0.8708, 0.8605, 0.8604, 0.8758, 0.8669, 0.8713, 0.8837, 0.8644,
       0.8686, 0.8757])]]

Bimodal Class Vectors, k=1 to 100, 4 trials/k
[[1 array([0.7281, 0.7405, 0.7149, 0.7405])]
 [2 array([0.8514, 0.7744, 0.8104, 0.8014])]
 [3 array([0.8506, 0.8575, 0.8556, 0.7923])]
 [4 array([0.8535, 0.8425, 0.8378, 0.8615])]
 [5 array([0.8578, 0.851 , 0.8552, 0.8684])]
 [6 array([0.8717, 0.8636, 0.8614, 0.8602])]
 [7 array([0.867 , 0.8461, 0.8768, 0.8721])]
 [8 array([0.8635, 0.8713, 0.8598, 0.8735])]
 [9 array([0.8707, 0.8749, 0.8803, 0.8676])]
 [10 array([0.8578, 0.8479, 0.8717, 0.8856])]
 [11 array([0.8475, 0.8735, 0.877 , 0.8672])]
 [12 array([0.8825, 0.8768, 0.8705, 0.8623])]
 [13 array([0.8685, 0.8793, 0.8663, 0.8736])]
 [14 array([0.8729, 0.8683, 0.8741, 0.8754])]
 [15 array([0.8641, 0.8745, 0.8716, 0.8698])]
 [16 array([0.8821, 0.8717, 0.8744, 0.8702])]
 [17 array([0.8788, 0.867 , 0.8811, 0.8712])]
 [18 array([0.8827, 0.8655, 0.8803, 0.8748])]
 [19 array([0.8741, 0.8736, 0.8777, 0.8781])]
 [20 array([0.8721, 0.8797, 0.8803, 0.8793])]
 [21 array([0.8789, 0.8699, 0.8796, 0.8836])]
 [22 array([0.8781, 0.8786, 0.8687, 0.8788])]
 [23 array([0.885 , 0.8712, 0.8815, 0.8848])]
 [24 array([0.8716, 0.8842, 0.8673, 0.8831])]
 [25 array([0.8847, 0.8718, 0.8817, 0.8829])]
 [26 array([0.8826, 0.8802, 0.8812, 0.8811])]
 [27 array([0.8793, 0.8744, 0.8764, 0.8839])]
 [28 array([0.8734, 0.8844, 0.8715, 0.8716])]
 [29 array([0.88  , 0.8808, 0.8735, 0.8802])]
 [30 array([0.8828, 0.8752, 0.8849, 0.8784])]
 [31 array([0.8841, 0.8753, 0.8754, 0.885 ])]
 [32 array([0.8817, 0.8759, 0.8766, 0.8771])]
 [33 array([0.8847, 0.8834, 0.8766, 0.8798])]
 [34 array([0.8713, 0.8764, 0.8826, 0.8844])]
 [35 array([0.8793, 0.8762, 0.8839, 0.8832])]
 [36 array([0.8801, 0.8821, 0.8856, 0.8772])]
 [37 array([0.876 , 0.8801, 0.8818, 0.8835])]
 [38 array([0.8836, 0.8814, 0.8817, 0.8788])]
 [39 array([0.8771, 0.8802, 0.8822, 0.8832])]
 [40 array([0.8789, 0.8805, 0.8799, 0.8847])]
 [41 array([0.8836, 0.8832, 0.8739, 0.8782])]
 [42 array([0.8851, 0.8801, 0.8773, 0.8836])]
 [43 array([0.8848, 0.8841, 0.8784, 0.881 ])]
 [44 array([0.8867, 0.8834, 0.8838, 0.879 ])]
 [45 array([0.884 , 0.8764, 0.8848, 0.8833])]
 [46 array([0.8794, 0.8816, 0.88  , 0.88  ])]
 [47 array([0.8824, 0.884 , 0.8854, 0.877 ])]
 [48 array([0.884 , 0.8818, 0.883 , 0.8843])]
 [49 array([0.8823, 0.8796, 0.8766, 0.8827])]
 [50 array([0.8825, 0.8841, 0.8812, 0.8796])]
 [51 array([0.8781, 0.8762, 0.8831, 0.8831])]
 [52 array([0.8792, 0.8837, 0.8856, 0.8849])]
 [53 array([0.8845, 0.8789, 0.8747, 0.8834])]
 [54 array([0.8799, 0.8801, 0.8817, 0.8841])]
 [55 array([0.8813, 0.8862, 0.8835, 0.8796])]
 [56 array([0.8768, 0.8828, 0.8845, 0.8838])]
 [57 array([0.8833, 0.8802, 0.8764, 0.8858])]
 [58 array([0.8783, 0.8798, 0.8894, 0.8854])]
 [59 array([0.8802, 0.8808, 0.8796, 0.8774])]
 [60 array([0.8876, 0.8805, 0.8838, 0.8829])]
 [61 array([0.88  , 0.8833, 0.8845, 0.8788])]
 [62 array([0.8861, 0.8808, 0.8789, 0.8804])]
 [63 array([0.8823, 0.8834, 0.8879, 0.8833])]
 [64 array([0.8808, 0.8832, 0.8849, 0.8833])]
 [65 array([0.8866, 0.8814, 0.8826, 0.881 ])]
 [66 array([0.8872, 0.8817, 0.8855, 0.8837])]
 [67 array([0.8835, 0.8814, 0.883 , 0.884 ])]
 [68 array([0.8832, 0.8863, 0.8862, 0.8827])]
 [69 array([0.8844, 0.8839, 0.8808, 0.8861])]
 [70 array([0.8832, 0.881 , 0.882 , 0.8839])]
 [71 array([0.8805, 0.8838, 0.882 , 0.881 ])]
 [72 array([0.8858, 0.8852, 0.8869, 0.8805])]
 [73 array([0.8837, 0.8839, 0.8797, 0.882 ])]
 [74 array([0.8803, 0.8849, 0.881 , 0.8881])]
 [75 array([0.8841, 0.8815, 0.8846, 0.8843])]
 [76 array([0.8787, 0.8798, 0.8831, 0.8811])]
 [77 array([0.8815, 0.8828, 0.8821, 0.883 ])]
 [78 array([0.8821, 0.8847, 0.8851, 0.8841])]
 [79 array([0.8833, 0.881 , 0.8836, 0.8828])]
 [80 array([0.886 , 0.8846, 0.8823, 0.881 ])]
 [81 array([0.8831, 0.8847, 0.8853, 0.887 ])]
 [82 array([0.8819, 0.8777, 0.8848, 0.8834])]
 [83 array([0.8855, 0.8838, 0.8842, 0.8822])]
 [84 array([0.8837, 0.884 , 0.8865, 0.8809])]
 [85 array([0.8852, 0.884 , 0.8827, 0.8819])]
 [86 array([0.8811, 0.8817, 0.8832, 0.8851])]
 [87 array([0.8826, 0.8834, 0.8803, 0.8839])]
 [88 array([0.8838, 0.8819, 0.8843, 0.8841])]
 [89 array([0.8841, 0.8845, 0.8804, 0.8817])]
 [90 array([0.8827, 0.8814, 0.8855, 0.882 ])]
 [91 array([0.8791, 0.8825, 0.8821, 0.8847])]
 [92 array([0.8807, 0.8865, 0.8788, 0.8861])]
 [93 array([0.8821, 0.8841, 0.8849, 0.8807])]
 [94 array([0.8834, 0.8815, 0.8845, 0.8828])]
 [95 array([0.8842, 0.8797, 0.8845, 0.8855])]
 [96 array([0.8847, 0.8847, 0.8843, 0.8823])]
 [97 array([0.8819, 0.8859, 0.8843, 0.8828])]
 [98 array([0.8841, 0.8867, 0.8787, 0.8846])]
 [99 array([0.883 , 0.8821, 0.8847, 0.8812])]
 [100 array([0.8836, 0.8856, 0.8868, 0.8852])]]
